0	52	131	23	10	12	13	53	9	1488	18	134	918	1526	2484	304	531	13	38	39	29	15	8	26	403	23	54	56	3186	22	26	27	14	60	30	42	40	14	13	15	38	9	25	11	61	6743	18	16	8	45	38	12	54	9	109	10	28	15	22	7	14	5	31	27	18	348	6	55	22	36	10	20	13	176	2015	8	96	381	63	10	86	130	4	45	9	39	87	24	610	24	8	29	16	36	163	13	88	9	16	11	14	101	358	45	8	24	258	28	410	46	8	23	9	42	13	209	7083	22	11	2263	78	205	294	24	159	9	32	12	18	121	35	26	10	15	36	9	399	23	9	44	72	411	13	31	26	78	1200	50	30	24	14	74	40	18	35	23	222	234	35	233	23	151	36	28	14	21	5	11	34	97	27	14	38	12	16	9	1534	13
52	0	362	1033	400	461	1982	2.5812e+05	5	120	547	42250	758	567	80	1781	23	1309	3178	8582	34481	3118	831	12289	227	2192	164	22749	30	624	17	2668	923	528	1463	6542	1783	590	881	676	1548	107	2117	404	990	57	3121	502	8	5076	1908	242	479	299	6666	523	2701	119	3204	263	2309	35	1016	2706	559	1652	120	8647	841	1310	52	2735	611	653	39	95	15	1338	279	25	132	2039	14	2188	45	6837	2253	1054	32	1301	17	732	2294	1503	1039	182	6668	630	2433	17	1361	927	114	1107	83	2564	20	1668	27	462	35	219	123	11456	28	17	75	854	2626	91	1066	4080	952	3363	20	42	156	92	1155	2754	6820	313	301	394	4107	69	223	135	472	4270	5084	355	2753	462	54	271	24	26266	2050	940	442	1686	1977	1530	852	2135	21	439	1106	152	1007	2644	1518	1427	763	2821	16	1469	3482	494	3168	152	3884	1761	744	96	108	2322
131	362	0	2187	84	86	92	1993	13	289	96	5764	6722	1223	110	33783	29	334	5910	255	1055	540	70	3584	6131	622	224	8620	53	160	37	368	152	2666	1336	682	320	63	56	71	8504	72	452	29	2208	143	302	136	9	9955	48988	59	2784	34	1484	45	278	104	804	20	310	9	301	320	101	9222	13	3679	111	126	31	175	145	976	80	31	14	12444	6071	33	794	135	18	710	61	996	7229	231	116	219	32	129	324	1140	29695	40	13962	261	429	27	83	1025	216	2269	33	275	21	2716	36	21300	32	111	19	8812	48	20	128	139	105	722	8837	5763	1070	2285	21	14	36	80	161	9590	570	106	62	117	1814	64	13260	182	124	659	699	27038	180	357	102	1185	26	1732	200	217	111	11670	11428	114	5614	501	15	13420	234	603	199	6801	301	143	189	1326	16	106	1862	19554	141	65	604	94	206	39	477	179
23	1033	2187	0	247	2875	4791	3785	32	36	4368	1995	246	130	36	632	16	4386	97598	932	9939	8371	1634	23043	126	29003	309	11983	19	594	413	23310	16757	2198	17604	54328	2638	4509	3231	1537	46026	1254	35727	878	1260	18	16024	3609	99	4386	10161	1513	418	378	9241	811	2512	2619	9837	332	8423	134	3368	10226	4069	284	226	11151	482	6919	112	18023	2084	79	20	348	9	283	1644	87	281	11817	54	899	320	20909	62816	3969	27	6357	104	1280	17363	26033	495	489	3406	1983	22138	27	3286	303	32	6935	347	1992	14	11568	15	3727	271	833	175	4355	484	10	31	4005	10304	52	3939	207	113	52806	15	288	460	334	7832	1079	4952	524	852	711	10142	200	643	2263	2130	30200	2881	368	12623	2227	675	2647	16	2099	536	727	1637	2400	2774	5727	4510	28407	12	165	8483	69	1572	2350	1876	6608	2337	31712	52	18762	70653	1241	861	1590	8058	11176	3485	271	40	4471
10	400	84	247	0	21794	10073	247	86	13	21370	91	23	30	14	52	8	4877	245	544	5036	507	15260	495	33	453	143	349	17	7523	2419	2066	11890	105	241	847	7727	11309	2226	14045	493	17616	868	12733	112	14	6806	11481	795	447	197	18945	71	18520	412	21709	2162	2047	5046	16681	1325	3559	15353	8010	14540	50	15955	791	2.1593e+05	6180	8663	8780	1035	24	14	8267	8	84	125	1339	84	2400	640	143	3213	3865	301	4995	16	2169	684	12452	596	315	96	5080	95	13481	987	289	5579	72	15	241	10311	11330	11	244	12	146	8268	20900	11343	221	2187	16	30	14262	1862	42	141	26	24	205	16	3184	17857	3707	1958	109	782	4703	16871	3175	1247	15028	45	17696	11142	3651	1965	64	2174	8106	10575	148	10	359	533	912	5221	160	103	5052	141	458	9	43	714	44	170	142	13187	3469	22996	844	3053	2435	333	87	1425	21773	6389	3064	17860	2784	28	6184
12	461	86	2875	21794	0	1.4489e+05	632	127	21	2.1941e+05	62	48	26	12	92	7	1.3002e+05	523	1462	40702	6381	1.599e+05	1307	32	31031	282	271	16	2188	730	50776	1.4561e+05	179	4118	38176	1.8459e+05	1.6204e+05	1.7527e+05	1.3955e+05	6905	1.4165e+05	35365	1.6991e+05	305	16	73701	57479	68	2268	479	1.5826e+05	24	1.927e+05	2345	1.5371e+05	19288	16909	24648	1.1652e+05	5147	2354	45262	86279	76803	91	1.2191e+05	919	43922	46875	20938	1.2424e+05	9941	20	16	1.0404e+05	4	38	253	8084	121	1.1775e+05	210	61	13565	43293	448	34183	16	20566	3510	2.2336e+05	6248	1658	65	62600	156	2.4738e+05	48541	273	1.8732e+05	24	13	2826	1.0409e+05	74175	17	2774	14	1018	27811	2.2641e+05	62747	233	40685	14	20	2.0524e+05	1.1549e+05	35	349	19	28	4311	8	2935	62725	37733	19746	95	21915	11934	1.3186e+05	1557	8821	19671	60	2.5316e+05	2.0868e+05	41370	4631	40	76342	44727	2.7175e+05	209	13	907	1891	657	1.662e+05	303	289	1.9391e+05	394	3918	9	51	4856	63	285	875	1.7876e+05	70955	2.2023e+05	28004	245	1.6349e+05	10575	158	2480	4.2845e+05	1.0525e+05	76901	1.9477e+05	12521	30	68808
13	1982	92	4791	10073	1.4489e+05	0	1095	66	16	1.917e+05	269	14	18	46	43	5	7.0067e+05	1208	3233	85275	17798	5.7708e+05	21476	35	46360	471	964	17	15054	444	55559	6.0463e+05	348	3516	93105	1.9532e+05	1.8692e+05	1.192e+05	5.945e+05	4933	1.2146e+05	1.6401e+05	2.7751e+05	1783	14	2.3948e+05	52945	58	1922	1225	2.7857e+05	74	1.1356e+05	5361	3.9075e+05	29507	12029	1.9173e+05	32397	25980	725	35035	7.3433e+05	1.1942e+05	579	55768	7183	51402	4.4667e+05	648	5.2127e+05	16571	32	13	37091	5	86	426	1114	110	1.0024e+05	196	282	3851	63538	1509	4.998e+05	30	46955	1112	3.3299e+05	40609	2158	166	14886	149	8.8743e+05	2.0928e+05	177	2.5979e+05	77	14	1546	14440	2.2656e+05	9	7269	20	1657	2435	89734	3436	1385	10248	9	27	8.1261e+05	9.1367e+05	36	797	29	32	12748	4	1379	5462	24921	41327	297	1.5528e+05	2655	2.1034e+05	3139	72707	19822	63	1.6529e+05	2.6547e+05	1.2653e+05	21347	60	1.7203e+05	32737	34197	356	10	1732	1474	1726	2.1074e+05	1041	1248	4.2959e+05	1133	8021	9	73	10221	60	936	1420	3.0841e+05	2.1393e+05	7.152e+05	37481	115	4.666e+05	10192	163	2729	1.0924e+05	4.0644e+05	1.668e+05	2.3825e+05	1231	36	2.1637e+05
53	2.5812e+05	1993	3785	247	632	1095	0	19	123	311	16271	380	208	72	3707	18	2381	77373	11895	9854	15553	639	24138	267	10845	328	1.1627e+05	22	974	29	2716	1609	1049	4188	25518	2605	573	874	992	12491	374	11820	350	2073	67	13087	1182	12	27766	30448	663	432	183	45250	225	6383	307	5967	132	6134	43	6715	3283	1003	13290	54	21516	665	933	80	3159	404	247	44	169	10	4244	1391	30	233	1792	25	6322	47	12221	45535	628	27	2252	10	1356	5486	3128	5178	173	25359	259	14350	24	2815	1006	70	2143	113	2362	14	11890	23	1867	64	421	42	73107	45	16	34	570	2324	84	7014	844	214	20090	11	84	277	184	1511	4486	10910	567	467	352	18787	152	2146	281	340	5551	16555	926	3503	6970	645	429	21	34202	730	646	339	3429	2204	3273	2316	4266	16	561	1552	194	1711	4932	2215	945	888	12636	44	986	29181	899	1391	260	3858	1938	1569	68	147	2582
9	5	13	32	86	127	66	19	0	11	76	22	21	13	12	22	9	38	20	49	34	17	111	31	11	28	25	50	8	32	1136	48	26	11	14	30	114	52	56	54	14	65	41	110	16	11	31	113	50532	15	21	244	14	141	52	264	63	30	46	506	17	2751	31	48	58	34	528	51	27	30	341	105	67	14	7	106	26	18	29	17290	25	25	37327	9	242	146	16	26	12	63	45349	93	25	30	62	83	12	70	46	9293	45	18	9	31	554	81	16	16	8	18	842	164	581	20	426	16	14	220	35	9	20	18	50	24	7	1514	51	57	36	11	21	25	220	42	32	194	22	108	61	41	12	9	32	12	140	26	8	32	46	25	99	24	22	56	16	30	9	12	61	9	8	42	34	48	207	28	4561	29	15	18	5	145	52	164	174	348	7	68
1488	120	289	36	13	21	16	123	11	0	24	80	365	3829	2841	393	129	21	36	62	36	36	15	44	708	42	44	106	856	37	22	37	28	70	53	42	28	26	23	25	88	21	32	19	105	3039	26	25	9	76	60	13	157	12	59	15	45	34	30	14	42	6	30	31	39	406	15	77	33	20	17	36	25	342	626	14	67	331	67	10	149	30	14	41	17	51	90	26	483	31	9	27	36	43	302	14	152	30	42	24	23	158	1517	68	18	24	137	56	618	113	9	30	14	78	15	86	4840	42	24	4325	96	210	396	77	186	9	16	22	39	129	44	45	15	30	37	20	523	20	21	39	69	309	55	32	20	97	232	53	26	42	25	54	83	27	43	48	124	368	27	537	40	128	31	23	26	46	8	31	55	147	28	13	48	22	27	12	1374	16
18	547	96	4368	21370	2.1941e+05	1.917e+05	311	76	24	0	51	42	37	27	36	7	2.2343e+05	523	801	15607	4416	3.8959e+05	1985	36	2227	179	246	20	1338	12697	9525	2.8025e+05	154	927	12706	2.1511e+05	1.4464e+05	81745	1.7763e+05	2438	5.5379e+05	65713	4.0058e+05	348	15	84391	37857	208	3737	559	2.3036e+05	79	1.2757e+05	888	2.1786e+05	4437	13465	16285	1.5135e+05	6456	29144	28037	2.2416e+05	59326	66	1.5742e+05	1311	64895	3.1507e+05	6209	85007	7885	19	22	3.0754e+05	6	182	268	460	118	48996	200	69	6846	42861	547	1.9793e+05	35	21736	113	2.5757e+05	18354	1092	278	20483	212	4.458e+05	15010	130	2.5656e+05	49	14	1649	50377	71325	10	1276	21	395	67031	1.2186e+05	1.0017e+05	375	18884	21	68	3.9132e+05	3.2255e+05	38	376	50	32	975	13	10570	77129	47347	11899	154	8548	83857	5.3418e+05	1690	5311	49175	49	3.0897e+05	4.4027e+05	88605	2126	61	1.0812e+05	64108	1.4113e+05	404	9	548	905	696	1.7343e+05	268	537	5.4377e+05	328	1453	6	40	1390	74	220	206	1.6739e+05	1.4596e+05	5.7086e+05	6734	1472	1.1556e+05	1169	194	935	4.8874e+05	32091	2.0142e+05	2.1624e+05	18561	35	1.8446e+05
134	42250	5764	1995	91	62	269	16271	22	80	51	0	3946	283	97	2782	28	196	4201	17501	664	1925	111	6846	337	2301	289	16585	23	326	34	913	359	1153	3384	2626	170	171	219	178	2116	62	1689	97	1690	102	623	105	4	7587	4532	94	13404	34	7266	69	1267	87	690	53	456	18	140	1063	135	8914	30	4189	174	470	25	315	338	1067	93	46	12	1.027e+05	504	24	233	337	28	32164	72	1670	7887	161	66	874	8	222	984	993	6650	136	63694	90	2390	16	182	10799	94	2714	38	154	15	3794	25	755	21	231	31	5865	19	26	195	94	411	96	2286	3009	1086	3532	23	29	70	98	358	3626	947	128	40	262	2629	25	840	87	161	1095	2023	432	488	134	27	342	30	57262	365	577	140	3760	2628	234	1674	1172	27	589	1211	178	7111	1.25e+05	237	359	68	3555	26	373	2499	584	1720	60	700	464	152	33	97	401
918	758	6722	246	23	48	14	380	21	365	42	3946	0	20947	245	2427	60	16	1337	469	144	132	18	329	4412	94	205	1039	92	69	11	67	61	804	172	83	57	38	46	17	428	48	57	19	655	580	57	45	2	436	974	11	2643	17	195	26	151	40	144	7	51	3	84	29	33	8576	7	517	56	17	7	60	46	7409	168	30	12	23395	817	8	471	119	11	447	10	163	543	62	163	95	5	70	63	181	7960	40	6099	33	64	13	23	2547	284	293	7	48	42	144	106	1039	17	40	22	704	23	33	820	23	31	400	1365	17392	9985	841	37	5	46	30	44	1340	119	134	10	85	321	4	11064	42	82	34	277	2619	75	52	37	356	46	455	186	203	10	1925	581	32	397	212	35	6694	110	491	167	1098	81	29	26	196	2	45	226	2430	71	31	72	21	25	15	677	36
1526	567	1223	130	30	26	18	208	13	3829	37	283	20947	0	2790	1044	122	22	258	146	81	39	29	75	29172	134	90	204	345	30	23	38	32	198	92	125	36	45	24	24	86	19	40	20	143	3927	38	37	3	114	161	21	229	19	171	62	54	32	40	22	54	16	75	25	34	13378	22	162	57	66	28	43	40	2145	887	23	13	13614	153	8	244	32	14	147	9	96	158	33	2391	38	5	26	25	59	7605	32	3566	12	29	17	24	1035	2251	97	26	32	49	78	282	230	7	63	18	144	19	57	5967	40	42	2079	355	4665	11143	83	75	13	26	30	55	483	66	80	13	40	186	25	12510	23	50	67	263	4272	20	56	25	115	116	656	90	49	30	162	163	32	97	84	36	7251	95	670	38	416	38	29	19	85	7	13	90	546	53	22	106	28	63	14	2196	24
2484	80	110	36	14	12	46	72	12	2841	27	97	245	2790	0	200	133	9	32	45	31	18	6	24	288	60	37	35	3019	68	25	23	18	82	23	56	10	21	14	6	40	13	35	17	52	3852	16	30	2	72	33	7	182	7	23	19	33	15	26	12	18	5	37	31	18	719	7	23	24	26	12	12	20	981	2713	15	33	1377	89	6	155	30	4	77	15	46	53	20	32569	28	4	6	20	74	336	17	75	19	16	23	14	373	2845	36	7	18	68	21	2760	49	4	20	24	33	9	108	1.8438e+05	9	15	695	47	313	1747	47	317	3	20	16	24	61	34	50	5	28	29	4	204	22	18	23	29	306	19	12	21	72	422	30	32	27	10	39	49	15	38	27	156	205	41	897	46	37	18	13	18	34	6	17	50	81	48	21	28	17	9	12	1075	15
304	1781	33783	632	52	92	43	3707	22	393	36	2782	2427	1044	200	0	24	186	3330	266	511	263	37	2874	928	644	188	3965	47	159	9	130	90	520	2786	364	155	90	72	34	672	48	444	55	696	176	136	71	6	4767	6984	32	3247	29	2402	25	253	59	209	32	143	17	914	131	153	5851	43	1305	73	154	12	92	98	500	159	52	18	14545	693	15	682	183	16	1198	39	329	2955	250	51	574	14	403	213	374	16823	90	11274	37	473	16	81	3353	536	926	53	113	16	1355	38	3001	19	135	10	4575	34	25	157	82	186	275	3192	17090	4104	871	17	6	58	66	89	4439	507	197	22	115	1138	16	6042	103	55	196	1449	3298	133	404	84	602	40	5586	136	209	39	3784	5077	136	939	429	33	5611	173	545	525	6690	529	58	57	1785	6	92	928	2479	112	28	492	105	134	22	191	136
531	23	29	16	8	7	5	18	9	129	7	28	60	122	133	24	0	8	11	20	9	9	6	6	42	4	19	9	183	13	9	8	11	13	9	9	11	8	8	8	8	8	9	7	13	368	7	8	1	12	20	5	26	6	12	11	11	12	8	3	12	3	13	6	9	40	3	18	9	5	7	8	11	108	204	4	373	39	35	4	23	13	9	32	4	11	28	10	80	18	3	6	6	24	39	7	32	5	7	7	7	37	155	6	4	9	220	6	109	12	3	8	3	16	5	704	144	8	3	194	13	36	49	9	219	2	9	7	7	27	9	16	6	12	16	6	16	9	10	5	12	24	13	14	9	26	578	16	20	11	4	10	10	8	16	15	1216	41	10	69	32	33	12	10	8	8	3	8	12	16	25	6	9	6	9	4	241	9
13	1309	334	4386	4877	1.3002e+05	7.0067e+05	2381	38	21	2.2343e+05	196	16	22	9	186	8	0	7169	4144	1.2942e+05	1.021e+05	8.1659e+05	58833	48	29632	390	1597	7	17013	335	83241	9.0032e+05	348	9574	61962	3.8301e+05	5.4952e+05	6.1913e+05	7.6748e+05	25057	1.7923e+05	2.1025e+05	30934	1655	13	9.5417e+05	42603	44	4246	17912	4.8244e+05	80	25091	8819	1.7942e+05	3.4449e+05	11183	92352	7761	57112	986	1.1515e+05	9.4281e+05	80409	247	13030	11404	41919	4.8088e+05	3282	9.4466e+05	29424	39	18	12392	4	79	478	1321	171	1.4982e+05	62	273	2925	8.139e+05	2957	3.218e+05	6	28146	891	3.5361e+05	4.1269e+05	2862	66	13553	86	2.3391e+05	6.9792e+05	92	7.1829e+05	67	14	2871	7058	8.4227e+05	7	8897	6	3981	928	89793	3285	968	7670	9	14	7.7403e+05	8.292e+05	30	813	49	25	41755	6	406	18135	23370	26614	1510	3.4541e+05	6030	3.7105e+05	1704	5.6699e+05	3986	96	1.7182e+05	2.7594e+05	3.4487e+05	25753	234	9.3502e+05	1.6548e+05	92384	605	8	13861	1638	1424	5.8002e+05	1242	2272	8.9312e+05	1918	16181	9	65	13727	152	831	1187	2.1803e+05	7.8491e+05	2.8904e+05	25881	92	4.3298e+05	17110	425	4340	66323	3.2042e+05	2.6796e+05	8.6515e+05	1668	33	8.1881e+05
38	3178	5910	97598	245	523	1208	77373	20	36	523	4201	1337	258	32	3330	11	7169	0	1644	29698	19669	1619	5.6535e+05	180	57626	961	2.0135e+05	34	1159	53	26347	3860	2821	1.3298e+05	2.2056e+05	8040	998	1660	600	44527	340	50198	191	6578	35	20576	5080	21	3.8673e+05	3.0224e+05	4352	1133	217	84575	363	2070	743	13508	105	14539	22	5668	3700	3132	863	52	24189	409	7807	52	26001	1945	203	27	232	8	4329	8226	62	383	3443	17	1254	224	39256	1.863e+05	3106	39	2854	56	649	43362	82850	17986	315	45546	670	1.2633e+05	15	3798	999	68	12825	69	4249	22	3.7204e+05	26	13330	76	811	44	5.8214e+05	383	9	72	1402	2907	52	9013	513	388	7.3041e+05	13	42	294	302	808	14582	59084	262	184	997	82400	146	1675	1962	537	8045	4835	698	32196	7408	701	2658	13	7654	383	513	1289	27091	27198	6904	51012	31040	8	857	5781	297	1052	6637	3423	4397	2243	1.6715e+05	24	11438	92330	20267	986	1159	8350	5208	10370	106	62	2106
39	8582	255	932	544	1462	3233	11895	49	62	801	17501	469	146	45	266	20	4144	1644	0	8316	3969	1962	5783	157	2982	204	10544	29	1143	36	3018	3417	316	1455	3730	3127	1530	1865	2545	2753	625	2275	780	519	33	8905	1016	10	2337	2247	601	173	249	12498	660	6171	405	3735	689	2361	52	15005	5002	892	531	232	8958	1545	2710	95	3861	1090	299	52	230	24	1044	344	56	139	3007	23	1440	69	9537	3495	1684	24	1011	46	1075	5013	1524	633	343	1214	1365	5356	41	2021	330	114	783	141	4486	22	1985	19	280	58	362	99	3535	88	23	81	2053	4027	62	498	401	249	3525	18	46	414	137	2075	1364	4486	431	395	425	9441	101	180	554	838	5465	26320	142	2999	2265	322	196	19	17760	2261	820	1244	2122	1603	2088	650	1617	18	362	1164	96	1306	1371	6229	2514	1523	3400	42	2972	2410	164	3448	300	13574	3260	2576	104	65	3911
29	34481	1055	9939	5036	40702	85275	9854	34	36	15607	664	144	81	31	511	9	1.2942e+05	29698	8316	0	64750	7881	97580	93	21681	504	66794	15	8867	24	22483	4.487e+05	736	16954	1.3261e+05	4.2987e+05	15322	25068	21423	46062	3610	67517	5555	5511	40	5.7277e+05	11672	18	2.3032e+05	2.5823e+05	3545	238	1123	3.5543e+05	3860	3.04e+05	2611	5.7506e+05	656	18195	120	3.4352e+05	1.325e+05	87834	1663	420	25355	94724	61266	104	1.438e+05	2279	72	25	1154	4	429	670	133	178	2.3906e+05	44	2169	167	9.8023e+05	25801	73625	10	8211	28	25335	89515	4172	4187	3935	5449	11614	1.2447e+05	40	15991	147	30	5101	345	36232	11	51277	19	6305	143	14203	198	52637	436	11	30	11895	73785	147	4785	159	62	57246	22	46	2479	1084	27038	4289	32344	5182	1937	1015	3.818e+05	249	415	24599	7376	6.7719e+05	6.5315e+05	418	3.4539e+05	5.459e+05	8187	412	34	24949	2510	2211	9975	8085	3361	11493	7353	11610	16	301	16836	123	2176	15960	4.3821e+05	19621	1.1571e+05	99757	34	37215	1.6313e+05	1037	5268	6800	1.3205e+05	34027	95011	280	41	29595
15	3118	540	8371	507	6381	17798	15553	17	36	4416	1925	132	39	18	263	9	1.021e+05	19669	3969	64750	0	7973	2.6569e+05	84	64118	856	1.8463e+05	12	3186	75	36482	1.3798e+05	1086	1.0923e+05	1.6672e+05	16661	4189	26853	2525	43395	9457	4.1316e+05	3936	2901	17	3.6301e+05	4347	25	10782	6726	1982	315	767	46788	4415	28415	2427	2.9021e+05	747	1.0723e+05	84	13835	3.3766e+05	6749	286	179	18055	1450	63589	358	1.0204e+05	4013	49	18	878	12	386	2892	140	403	1.0644e+05	23	1136	161	3.5855e+05	1.02e+05	51500	17	6874	45	4063	1.811e+05	11031	465	2535	5196	20250	3.8795e+05	22	53568	548	17	8966	435	31522	13	60965	12	3903	430	2777	285	4748	1020	13	30	6161	59021	131	4493	92	66	2.4794e+05	10	68	1348	667	7739	2106	87646	606	4403	2973	1.914e+05	632	502	7621	10774	1.2709e+05	21508	262	3.3692e+05	6696	1486	1305	9	8603	719	1562	3784	3680	2241	17524	5753	15753	9	198	67802	164	1661	3086	22852	19438	16348	3.8428e+05	27	45369	1.4915e+05	462	2229	4301	2.5962e+05	8232	16015	674	85	1.2735e+05
8	831	70	1634	15260	1.599e+05	5.7708e+05	639	111	15	3.8959e+05	111	18	29	6	37	6	8.1659e+05	1619	1962	7881	7973	0	1548	31	4779	272	591	6	4790	6746	32725	1.4632e+05	208	2825	4658	3.1766e+05	1.7715e+05	2.7061e+05	9.9358e+05	3769	2.8276e+05	38764	97012	591	14	4.7982e+05	51804	147	740	465	8.8566e+05	31	4.319e+05	2356	4.737e+05	14501	6502	27409	1.3138e+05	3497	3612	21896	6.087e+05	44291	94	2.7706e+05	2833	24423	1.2001e+05	25750	4.8339e+05	12621	22	12	31466	3	56	479	12507	113	46919	269	76	26163	53929	683	86907	4	46005	4365	8.7297e+05	6041	1566	177	15033	37	8.5934e+05	21545	477	4.5205e+05	27	12	880	1.3177e+05	2.555e+05	4	1572	14	742	20141	4.751e+05	1.7483e+05	928	7636	8	16	8.7173e+05	5.824e+05	26	614	27	28	1717	11	4303	69863	20345	8338	217	9826	17942	6.7895e+05	2244	63027	5.2446e+05	143	1.6928e+05	1.2662e+05	70187	5007	69	1.85e+05	24324	2.398e+05	249	11	1916	1190	1139	2.9576e+05	527	946	2.4361e+05	485	2837	9	61	5098	47	467	233	3.0205e+05	60730	8.7347e+05	7333	2992	1.6544e+05	1474	230	3019	4.3269e+05	68323	74449	6.289e+05	19776	34	5.0514e+05
26	12289	3584	23043	495	1307	21476	24138	31	44	1985	6846	329	75	24	2874	6	58833	5.6535e+05	5783	97580	2.6569e+05	1548	0	123	91358	425	6.8544e+05	17	1965	50	20094	7824	1422	1.669e+05	1.5353e+05	56173	23083	12934	1086	1.2486e+05	4569	32207	1079	24147	13	83301	9105	9	78767	5.9763e+05	1498	1175	273	4.1236e+05	445	16897	1873	2.564e+05	264	25735	40	14743	1.4316e+05	21766	1054	159	1.0884e+05	2273	11871	119	27605	6686	81	24	440	4	1449	1961	44	326	42481	28	1842	147	7.6141e+05	2.3098e+05	7963	27	3269	23	5436	3.0285e+05	6219	1977	664	11484	1560	1.6108e+05	19	7195	462	24	13199	140	10898	10	6.8214e+05	16	8716	65	10175	75	1.6653e+05	623	11	26	7633	21792	84	4744	273	95	5.2503e+05	12	39	314	592	8034	26687	2.4772e+05	416	438	1196	2.307e+05	257	2905	6901	1398	3.9604e+05	53215	427	75215	61572	3052	1858	23	19551	856	834	3176	1.1637e+05	26159	6917	31827	53225	10	631	6283	139	2158	11536	28050	9201	12886	8.5962e+05	23	1.0144e+05	2.5617e+05	3900	2129	1767	36346	1.2462e+05	93197	141	156	7989
403	227	6131	126	33	32	35	267	11	708	36	337	4412	29172	288	928	42	48	180	157	93	84	31	123	0	109	127	419	122	53	12	57	32	297	273	183	56	33	34	66	266	23	61	13	588	650	50	51	8	164	231	22	171	27	324	23	71	32	81	17	42	8	68	78	66	11585	13	159	58	35	15	54	45	995	221	28	17	2052	268	13	189	38	10	86	16	159	281	63	414	36	14	40	65	74	2890	52	1375	24	48	14	22	258	1288	223	21	70	29	114	131	1068	20	40	22	193	20	46	855	52	31	2077	579	6365	1678	147	68	10	34	28	30	1248	172	73	27	50	159	35	70775	40	24	53	148	4246	42	78	39	283	85	220	71	63	18	302	344	50	190	105	19	8744	57	775	69	588	43	39	54	76	8	22	109	1688	38	28	94	22	56	24	894	54
23	2192	622	29003	453	31031	46360	10845	28	42	2227	2301	94	134	60	644	4	29632	57626	2982	21681	64118	4779	91358	109	0	514	1.1782e+05	19	2399	196	99663	42621	3445	48222	3.0111e+05	28187	12110	29315	1463	1.8911e+05	1169	2.5831e+05	1666	5121	21	3.0143e+05	9006	48	11171	1.0942e+05	5685	695	1433	1.4788e+05	1889	8730	3827	40107	304	2.9429e+05	67	6952	78150	6212	429	248	20034	2673	44359	150	2.0659e+05	7091	58	23	505	5	342	1243	152	460	23748	111	1666	538	1.9594e+05	40110	12142	18	36898	103	10403	3.1886e+05	18051	716	3710	1231	7593	2.1054e+05	36	34982	773	37	11945	433	13882	13	3.015e+05	16	3694	489	2988	159	35832	698	9	24	10356	19798	50	2926	169	98	1.4162e+05	8	180	2630	5695	10064	8234	64386	393	2868	1179	2.0259e+05	484	744	15037	1548	71295	7095	237	86584	13488	1747	1304	13	16934	597	1926	14464	7819	4016	1.0119e+05	18034	36331	7	249	10946	83	2307	3136	31111	26639	12344	3.0416e+05	42	1.784e+05	1.2576e+05	1198	1714	5238	31852	21468	30062	386	35	48849
54	164	224	309	143	282	471	328	25	44	179	289	205	90	37	188	19	390	961	204	504	856	272	425	127	514	0	741	29	1135	69	347	316	246	521	427	226	329	306	310	820	217	570	141	211	41	472	198	43	294	374	260	216	117	482	167	544	141	432	105	484	74	239	565	336	148	82	329	348	465	76	305	254	113	36	89	9	309	429	51	1169	380	44	312	78	386	614	270	38	492	49	225	635	582	244	145	285	164	472	27	273	145	37	577	111	467	18	926	22	501	106	172	70	291	97	16	41	268	481	59	284	135	95	369	24	71	182	171	226	313	618	101	129	2788	448	88	99	175	102	321	425	141	469	313	188	260	26	251	148	872	241	510	412	341	304	350	15	135	318	61	314	600	193	355	374	727	56	490	776	339	319	205	729	361	215	80	47	522
56	22749	8620	11983	349	271	964	1.1627e+05	50	106	246	16585	1039	204	35	3965	9	1597	2.0135e+05	10544	66794	1.8463e+05	591	6.8544e+05	419	1.1782e+05	741	0	34	2988	11	8524	5256	2308	52598	4.7299e+05	30003	3338	1037	615	38764	129	29604	417	8642	28	87978	5260	4	7.3855e+05	6.406e+05	1279	1496	93	3.2525e+05	91	20610	553	24775	183	16431	34	30600	32053	1919	50189	134	97882	717	1551	64	8275	1280	357	40	185	9	6147	1783	35	427	4188	70	2235	186	4.7952e+05	2.2712e+05	11223	32	2981	5	15194	1.0403e+05	15589	32393	933	2.5197e+05	640	1.5857e+05	8	1185	1229	108	17061	338	11202	11	5.3392e+05	20	7853	45	2136	35	1.5058e+05	289	16	31	2669	29733	72	11017	2353	410	4.8054e+05	13	56	211	476	1158	70976	42630	967	183	3123	3.2663e+05	25	4740	2699	640	2.2445e+05	72926	3376	4980	47298	2753	2257	11	2.5403e+05	1251	1856	711	3.562e+05	42371	1104	31347	46804	9	2084	9173	259	2582	4.5335e+05	3625	2924	735	3.7044e+05	29	13852	55830	16362	1210	327	2.095e+05	4918	21301	76	138	6252
3186	30	53	19	17	16	17	22	8	856	20	23	92	345	3019	47	183	7	34	29	15	12	6	17	122	19	29	34	0	17	17	23	13	39	19	40	11	20	12	6	22	14	16	12	26	1753	11	15	3	28	36	7	75	7	30	16	12	16	17	9	21	4	9	26	17	56	7	20	18	29	8	8	23	108	854	15	144	70	31	6	42	14	7	88	5	18	28	17	1469	26	4	6	12	30	63	12	28	10	12	16	10	91	609	22	24	13	561	16	9269	25	4	22	14	22	16	227	4512	7	18	233	27	84	91	45	392	4	24	12	28	34	17	9	9	16	9	4	59	18	16	30	13	44	14	13	10	23	502	14	22	21	15	20	23	10	18	29	311	75	42	171	24	14	6	17	20	18	4	12	22	25	52	28	20	14	6	7	291	11
22	624	160	594	7523	2188	15054	974	32	37	1338	326	69	30	68	159	13	17013	1159	1143	8867	3186	4790	1965	53	2399	1135	2988	17	0	223	3587	2881	466	1746	4163	5270	3763	4826	13703	4209	1277	4500	1585	369	28	13022	4375	153	1536	789	3200	183	4135	2323	1340	6863	443	10148	1307	3012	296	8257	13922	8802	155	525	2380	28635	8544	295	8661	1528	47	21	792	18	124	283	172	326	7392	62	686	269	12532	3954	3849	18	2753	164	6275	3960	790	256	1888	338	4064	4388	55	1461	79	23	666	661	5883	17	1675	22	608	461	2240	447	608	386	14	56	13767	5400	29	542	80	42	897	11	347	2602	754	1921	325	4384	725	2276	34457	4794	719	97	1690	3548	8756	12737	104	7388	6365	1303	166	14	1080	507	2717	1262	495	245	5445	396	785	13	126	2173	38	641	1162	5374	2696	6859	6162	169	4537	2961	366	1712	2000	28626	1816	10530	329	31	8564
26	17	37	413	2419	730	444	29	1136	22	12697	34	11	23	25	9	9	335	53	36	24	75	6746	50	12	196	69	11	17	223	0	771	898	56	86	41	118	4236	1004	20135	39	12073	622	7827	80	14	93	1468	5.0968e+05	72	42	14323	18	45023	32	1.3319e+05	97	1279	119	81605	222	4.1571e+05	158	131	1049	56	2.8194e+05	40	1558	2187	1.0261e+05	186	938	25	17	10869	10	42	80	8.3221e+05	50	271	7.3254e+05	22	1.9784e+05	28	27	328	16	969	8.7575e+05	1555	165	166	24	4052	11	1272	113	19499	2005	17	14	184	32593	220	6	109	24	83	8.0741e+05	3756	1.4229e+05	23	51674	12	26	2436	990	15	25	13	22	54	12	8.0088e+05	1433	9637	787	19	124	2746	1.6463e+05	457	44	8.0207e+05	25	3735	2677	367	53	28	837	314	18155	126	12	78	199	359	6206	31	32	699	63	215	7	14	286	24	39	5	203	568	938	277	8.1574e+05	408	96	35	58	16882	30	1056	495	31196	18	1338
27	2668	368	23310	2066	50776	55559	2716	48	37	9525	913	67	38	23	130	8	83241	26347	3018	22483	36482	32725	20094	57	99663	347	8524	23	3587	771	0	67055	495	13331	68100	12578	21531	47959	19765	32981	15330	3.0203e+05	27701	898	15	89736	12250	145	1613	1441	17733	203	3038	23627	2833	19976	4782	28461	1043	1.3419e+05	159	5658	88020	11493	76	563	6702	4418	79850	943	1.0758e+05	21326	37	22	2816	13	149	778	399	272	1.2117e+05	192	1376	3271	1.2379e+05	9532	39858	25	24074	218	9831	2.0748e+05	20625	244	14221	496	43036	54143	146	46347	173	23	7133	2000	11888	11	27103	42	999	857	5141	260	1372	2804	11	34	59494	90047	19	1716	134	50	1.381e+05	9	425	2783	3794	84851	389	42872	971	9653	959	46063	1656	514	22012	18752	53315	7401	109	80534	5613	2684	2019	13	15735	869	1575	46831	892	2814	56802	9242	34020	13	125	14760	60	1609	949	14501	50657	73435	1.3823e+05	80	49343	47012	368	3639	17893	26199	34037	25839	719	29	53295
14	923	152	16757	11890	1.4561e+05	6.0463e+05	1609	26	28	2.8025e+05	359	61	32	18	90	11	9.0032e+05	3860	3417	4.487e+05	1.3798e+05	1.4632e+05	7824	32	42621	316	5256	13	2881	898	67055	0	435	3850	3.1199e+05	3.2023e+05	8.4516e+05	6.1037e+05	26581	10782	74094	4.3055e+05	1.5443e+05	1735	15	6.9881e+05	40543	99	8434	3555	79114	81	25940	11471	19226	15178	14066	89190	5037	15462	365	1.0454e+05	4.3577e+05	39789	152	2725	5525	23001	4.0315e+05	995	1.501e+05	19691	52	14	21857	4	192	623	1382	164	1.3401e+05	240	358	3163	5.5322e+05	6492	3.4341e+05	19	44665	303	61591	1.7998e+05	10013	369	14491	242	1.8107e+05	2.2831e+05	68	7.2019e+05	64	12	3309	6463	59163	11	14756	16	627	4512	27337	2809	1243	11846	8	43	70512	4.0377e+05	49	874	82	36	7917	6	1180	7374	4261	1.1068e+05	907	3.4893e+05	9087	1.1013e+05	1863	2.2888e+05	8208	103	1.4035e+05	2.7422e+05	4.5144e+05	19006	51	8.488e+05	2.5536e+05	34781	774	10	3973	4999	1052	3.1803e+05	1185	1489	7.4836e+05	895	6388	8	73	11332	55	1902	420	82880	3.7619e+05	1.4489e+05	56372	146	7.9652e+05	37691	354	2720	32187	1.3307e+05	82455	78511	4122	35	4.0909e+05
60	528	2666	2198	105	179	348	1049	11	70	154	1153	804	198	82	520	13	348	2821	316	736	1086	208	1422	297	3445	246	2308	39	466	56	495	435	0	2635	1646	293	214	329	225	2627	100	1323	170	2274	44	695	247	19	879	1829	156	796	113	1191	229	615	173	489	73	424	25	320	550	299	938	66	1059	191	804	59	381	241	140	58	112	11	494	1572	37	214	870	29	697	59	724	1107	413	44	688	30	241	1024	2667	421	114	2304	240	1100	22	442	288	65	2094	79	415	14	2726	28	2660	83	195	48	1243	104	15	48	252	322	231	1359	520	157	1477	19	57	76	76	382	2501	785	136	106	238	911	85	2252	261	201	1151	713	886	472	278	186	1057	14	660	217	194	161	766	2678	517	5178	1895	19	632	687	432	1031	946	373	250	380	1297	25	466	2322	2199	677	135	860	501	292	59	148	453
30	1463	1336	17604	241	4118	3516	4188	14	53	927	3384	172	92	23	2786	9	9574	1.3298e+05	1455	16954	1.0923e+05	2825	1.669e+05	273	48222	521	52598	19	1746	86	13331	3850	2635	0	48502	9049	1604	2710	615	1.0279e+05	498	1.127e+05	289	3217	15	35275	1677	41	44710	1.2576e+05	806	1468	144	33948	231	3969	538	11454	333	6507	22	2615	14116	1728	703	56	9462	1126	3440	104	20358	1124	101	19	168	4	824	2763	190	438	10870	25	2774	95	20382	97003	2250	23	3803	68	2945	51141	11260	824	385	11886	1233	46404	28	4813	288	65	10241	100	3179	11	1.1657e+05	18	15311	216	569	83	26165	285	9	43	1889	5972	104	4972	476	121	1.2094e+05	8	132	440	361	996	8237	18248	233	493	429	71073	334	864	7199	511	9318	10037	769	4845	3184	426	993	14	3529	364	788	798	8425	10921	3639	57519	80817	12	426	5455	239	1631	5357	1437	3901	1592	1.0675e+05	57	9706	1.4981e+05	1178	1167	1408	10695	2716	6084	120	130	13055
42	6542	682	54328	847	38176	93105	25518	30	42	12706	2626	83	125	56	364	9	61962	2.2056e+05	3730	1.3261e+05	1.6672e+05	4658	1.5353e+05	183	3.0111e+05	427	4.7299e+05	40	4163	41	68100	3.1199e+05	1646	48502	0	72371	32330	25777	2666	2.0667e+05	9548	8.2962e+05	1959	5190	30	5.131e+05	7267	23	36790	3.8669e+05	3218	444	413	3.0694e+05	695	1.0379e+05	3060	1.0001e+05	249	45469	74	8259	4.8259e+05	68578	464	137	25287	1447	2.3811e+05	358	1.6393e+05	7243	69	41	1542	5	458	1638	78	268	1.5411e+05	16	1440	113	8.7032e+05	1.241e+05	56334	24	37420	46	5802	7.8484e+05	93827	945	1555	3685	5966	8.9431e+05	22	53999	361	49	28969	445	17227	15	7.2869e+05	22	10221	103	3453	169	17360	1171	9	134	6895	2.0954e+05	64	5451	232	88	8.7729e+05	15	54	875	1315	42909	4861	3.36e+05	2872	1770	1428	6.6877e+05	179	459	22628	1733	8.228e+05	62163	363	3.6511e+05	50809	8063	1517	18	34580	1531	1967	22971	12937	3643	1.1635e+05	10985	2.388e+05	9	247	15109	229	2415	11594	34804	31688	81780	8.3643e+05	11	2.5793e+05	1.8216e+05	1896	2611	1722	2.3659e+05	1.2426e+05	22248	732	73	3.1449e+05
40	1783	320	2638	7727	1.8459e+05	1.9532e+05	2605	114	28	2.1511e+05	170	57	36	10	155	11	3.8301e+05	8040	3127	4.2987e+05	16661	3.1766e+05	56173	56	28187	226	30003	11	5270	118	12578	3.2023e+05	293	9049	72371	0	33702	71378	3.2471e+05	18761	32460	19106	33848	1935	20	4.1555e+05	80646	36	7087	21443	61209	66	35718	21645	1.4231e+05	2.4065e+05	5130	1.1558e+05	17171	10355	556	5.0326e+05	3.5309e+05	42994	203	8569	36904	21142	40931	2081	9.3358e+05	3814	63	36	5636	4	62	350	1268	124	56857	127	169	2720	2.9883e+05	20793	64647	6	9854	315	9.2379e+05	1.1695e+05	2403	225	4683	260	6.8106e+05	1.9612e+05	88	88433	63	17	3504	2364	4.9157e+05	5	28285	5	2564	468	3.1345e+05	2397	9091	5360	14	8	4.3115e+05	3.5973e+05	27	1599	70	25	24914	8	402	3192	1209	8546	1109	1.8954e+05	43817	1.9473e+05	1955	6.9332e+05	7573	233	54736	3.3731e+05	1.0161e+05	1.2151e+05	136	2.415e+05	5.8764e+05	1.1546e+05	395	9	13293	3354	1125	4.3017e+05	20978	2651	1.6263e+05	3106	5223	9	148	6273	59	765	4514	7.7142e+05	2.7112e+05	2.0349e+05	89638	780	6.3296e+05	13067	372	4439	92003	4.5312e+05	2.4376e+05	4.1317e+05	1723	37	3.5881e+05
14	590	63	4509	11309	1.6204e+05	1.8692e+05	573	52	26	1.4464e+05	171	38	45	21	90	8	5.4952e+05	998	1530	15322	4189	1.7715e+05	23083	33	12110	329	3338	20	3763	4236	21531	8.4516e+05	214	1604	32330	33702	0	5.1408e+05	37329	5938	2.3238e+05	51035	3.4086e+05	437	15	5.0097e+05	38503	204	1023	518	70349	105	2.021e+05	8121	26874	3980	31985	8982	2.3034e+05	30768	2317	8419	98052	24328	196	19861	4691	15894	8.2472e+05	15010	68802	48151	25	17	50689	7	67	221	1428	126	43301	297	148	32748	47004	1718	4.3394e+05	24	49658	218	35083	1.6805e+05	2453	80	26920	244	5.55e+05	53408	82	5.5189e+05	50	14	1260	96923	36081	10	5611	13	282	4519	43863	7451	1012	17010	12	31	49542	6.4002e+05	25	901	40	64	1843	12	2179	12898	12054	27575	114	16885	18066	1.0444e+05	1924	25997	6082	318	86457	4.2694e+05	4.2391e+05	3079	49	5.4478e+05	41157	61268	726	18	1063	1419	722	8.5478e+05	400	577	6.228e+05	783	2058	7	45	9180	57	699	1261	44118	5.6673e+05	1.1491e+05	6245	204	3.7102e+05	3637	121	1890	1.7454e+05	15358	2.8745e+05	79059	10762	30	4.4083e+05
13	881	56	3231	2226	1.7527e+05	1.192e+05	874	56	23	81745	219	46	24	14	72	8	6.1913e+05	1660	1865	25068	26853	2.7061e+05	12934	34	29315	306	1037	12	4826	1004	47959	6.1037e+05	329	2710	25777	71378	5.1408e+05	0	85180	2711	82933	1.2732e+05	68758	546	28	2.5455e+05	16892	132	1858	381	45403	114	16222	4021	12893	9487	15392	46816	7601	76576	432	35430	3.4594e+05	35869	72	14441	6001	8375	2.1175e+05	7257	5.6746e+05	10308	27	9	5924	4	65	313	578	159	1.5017e+05	91	272	2728	2.7826e+05	3748	81130	9	48286	418	63935	24595	1658	74	18575	335	75029	1.839e+05	247	85839	76	14	1483	7592	45644	7	6482	10	286	2448	17233	6659	448	6677	9	18	63395	6.2599e+05	18	456	53	36	3078	7	1832	4744	7948	16994	210	89473	3274	1.1758e+05	1897	76180	3212	87	58999	63869	1.2318e+05	7451	78	3.8875e+05	19165	12370	436	11	1901	1119	758	1.3232e+05	460	321	4.1126e+05	1258	6152	6	67	6719	43	725	303	81211	2.9736e+05	1.8249e+05	32259	210	7.6889e+05	10747	143	2715	30324	88688	2.1848e+05	87024	2857	30	4.8421e+05
15	676	71	1537	14045	1.3955e+05	5.945e+05	992	54	25	1.7763e+05	178	17	24	6	34	8	7.6748e+05	600	2545	21423	2525	9.9358e+05	1086	66	1463	310	615	6	13703	20135	19765	26581	225	615	2666	3.2471e+05	37329	85180	0	2845	68150	26102	1.0507e+05	680	17	27782	43731	491	511	316	8.7923e+05	21	8.0687e+05	1820	8.5366e+05	17196	3321	86339	55620	3506	4859	82547	4.2836e+05	1.7682e+05	36	2.2115e+05	2015	38646	37540	38233	3.2406e+05	8765	28	20	15469	4	31	293	4043	96	29194	7352	55	24433	16369	295	26019	5	39366	1815	6.8571e+05	9170	997	51	11622	56	6.3968e+05	6066	214	2.7905e+05	16	18	779	47940	8.2819e+05	4	1385	12	226	36669	2.7666e+05	97707	330	4606	9	9	9.7261e+05	1.3596e+05	35	251	20	63	1159	10	20775	8447	6480	6318	205	5844	36012	7.7341e+05	2726	4004	5.4684e+05	60	1.6932e+05	1.0321e+05	46382	9544	57	1.4844e+05	43362	1.3718e+05	310	14	806	1074	1230	1.4803e+05	302	611	1.3102e+05	707	2222	9	39	2816	70	298	186	1.3717e+05	36398	1.6986e+05	8306	4146	1.0555e+05	1393	284	3992	1.6999e+05	30378	13638	6.9607e+05	6008	35	1.2744e+05
38	1548	8504	46026	493	6905	4933	12491	14	88	2438	2116	428	86	40	672	8	25057	44527	2753	46062	43395	3769	1.2486e+05	266	1.8911e+05	820	38764	22	4209	39	32981	10782	2627	1.0279e+05	2.0667e+05	18761	5938	2711	2845	0	401	1.2195e+05	739	3281	28	53531	9772	22	12815	64437	3130	507	475	1.1746e+05	821	18019	483	29463	294	13214	44	7265	41013	9008	1027	82	17775	737	9387	79	28511	1942	93	42	600	11	992	1947	41	467	1.5688e+05	38	3475	150	66913	40589	5675	58	6880	32	2716	20234	11565	1685	815	11310	2228	26091	32	2775	645	80	37859	204	7597	21	88394	19	42786	240	782	124	13095	282	14	54	8377	11207	82	6675	307	228	2.0895e+05	10	180	512	555	12658	3801	15477	555	1535	496	19189	458	3427	8472	752	60407	18805	516	15440	15852	1029	2117	13	18018	1134	1027	1404	8161	6918	4606	57802	10752	13	394	16041	145	2475	11480	3656	5551	3848	85094	36	22729	5.3045e+05	4290	1559	6054	27522	5140	31978	166	62	16490
9	107	72	1254	17616	1.4165e+05	1.2146e+05	374	65	21	5.5379e+05	62	48	19	13	48	8	1.7923e+05	340	625	3610	9457	2.8276e+05	4569	23	1169	217	129	14	1277	12073	15330	74094	100	498	9548	32460	2.3238e+05	82933	68150	401	0	3619	3.693e+05	293	14	54334	12312	350	116	223	1.0065e+05	63	78881	570	83534	1380	57575	8906	59906	7731	4117	30857	1.1658e+05	37592	29	74738	551	13827	72024	18665	48843	27556	24	9	1.1079e+05	7	57	128	1776	82	26347	426	78	1.0269e+05	1902	239	59469	10	26588	857	23958	8475	1538	80	16983	50	2.5158e+05	2663	253	1.7399e+05	51	14	476	66852	10703	9	594	10	289	28181	39328	24553	169	26951	9	20	88851	1.7398e+05	17	121	35	19	660	11	4874	26045	1.974e+05	8924	107	2336	11292	2.8198e+05	558	3116	25243	66	1.3513e+05	1.9653e+05	15990	1279	22	1.5029e+05	16128	80864	159	11	320	713	489	1.7568e+05	137	154	2.6609e+05	186	675	8	37	1804	36	250	167	1.1606e+05	1.4765e+05	1.1343e+05	612	904	18164	493	112	719	1.8142e+05	11665	47351	91908	54849	31	61517
25	2117	452	35727	868	35365	1.6401e+05	11820	41	32	65713	1689	57	40	35	444	9	2.1025e+05	50198	2275	67517	4.1316e+05	38764	32207	61	2.5831e+05	570	29604	16	4500	622	3.0203e+05	4.3055e+05	1323	1.127e+05	8.2962e+05	19106	51035	1.2732e+05	26102	1.2195e+05	3619	0	20188	3778	19	5.0809e+05	5084	110	5008	9980	73623	402	3958	2.1993e+05	4161	10698	1224	43855	338	35758	76	4194	5.5239e+05	47931	419	464	19764	5499	1.5157e+05	688	2.3299e+05	16983	56	16	2332	4	211	2473	334	225	6.757e+05	62	1571	743	3.8886e+05	56993	73694	22	33659	79	3743	3.7221e+05	14895	234	1510	1898	2.5899e+05	8.1752e+05	59	69097	235	22	11785	583	13858	13	5.1973e+05	16	4472	891	1613	266	2788	625	8	50	62502	4.8367e+05	28	3625	104	85	5.7017e+05	8	281	1217	1668	79042	762	1.1024e+05	1129	9465	2490	62131	1354	173	16507	3602	3.8353e+05	8788	186	1.4781e+05	5320	8639	1645	18	22250	1031	1463	33784	3021	1957	2.1036e+05	10515	4.2972e+05	11	190	35074	109	1654	3300	32544	1.3857e+05	69809	1.8028e+05	70	2.2513e+05	1.9192e+05	963	2641	12644	1.0366e+05	1.0048e+05	2.0716e+05	486	33	2.9047e+05
11	404	29	878	12733	1.6991e+05	2.7751e+05	350	110	19	4.0058e+05	97	19	20	17	55	7	30934	191	780	5555	3936	97012	1079	13	1666	141	417	12	1585	7827	27701	1.5443e+05	170	289	1959	33848	3.4086e+05	68758	1.0507e+05	739	3.693e+05	20188	0	258	15	22263	14458	878	324	315	3.8459e+05	42	96071	544	2.7074e+05	3934	32139	8355	1.1394e+05	4747	8458	5966	2.1679e+05	22241	88	58879	551	17292	1.1956e+05	2.0432e+05	27633	9044	22	10	40358	8	35	143	18147	230	35369	1676	99	34563	4612	189	2.5038e+05	7	24927	10065	57820	2727	513	46	18882	42	3.7465e+05	3052	536	2.5742e+05	40	11	328	74475	22017	8	863	9	185	29481	64144	43514	122	11123	8	16	67782	2.8871e+05	9	82	44	24	781	6	11520	9050	47159	15790	97	7018	4752	2.4309e+05	1535	5768	73118	32	98809	2.7009e+05	35584	2018	27	49198	6504	40568	95	7	1175	1432	508	98479	188	122	1.9841e+05	168	718	6	33	2194	25	283	304	25122	1.0756e+05	2.4439e+05	6220	2993	30745	355	74	1418	1.8189e+05	9653	38738	64824	31894	16	1.2929e+05
61	990	2208	1260	112	305	1783	2073	16	105	348	1690	655	143	52	696	13	1655	6578	519	5511	2901	591	24147	588	5121	211	8642	26	369	80	898	1735	2274	3217	5190	1935	437	546	680	3281	293	3778	258	0	90	5071	1926	54	8683	7423	504	920	242	17849	476	1042	379	2347	77	1680	31	1491	2796	1398	5062	76	9514	330	1263	78	4234	375	581	53	93	15	752	881	62	158	1028	59	266	79	9216	9445	909	40	454	65	902	1191	3375	721	423	9352	616	9342	25	719	395	47	1317	175	2958	16	14905	26	1241	97	823	98	24694	114	13	75	847	1311	140	4376	999	276	11633	18	31	169	262	835	9044	2340	178	182	679	3664	373	2627	891	391	1524	3445	431	1635	1300	525	3369	14	6761	498	512	1036	17201	12406	751	15511	4446	16	1764	2161	138	245	2065	1615	1610	972	13376	33	1922	2476	1575	206	659	1645	741	1700	115	65	824
6743	57	143	18	14	16	14	67	11	3039	15	102	580	3927	3852	176	368	13	35	33	40	17	14	13	650	21	41	28	1753	28	14	15	15	44	15	30	20	15	28	17	28	14	19	15	90	0	12	18	3	28	24	11	92	8	52	14	20	17	32	4	15	9	23	11	28	275	9	41	16	14	8	16	21	297	2138	8	48	336	42	5	84	26	8	38	11	27	49	12	616	16	5	14	23	36	140	18	283	10	13	17	24	111	679	31	11	16	154	14	1298	29	4	31	10	43	11	237	13609	11	9	5544	74	505	388	19	443	4	10	11	24	69	16	57	9	19	37	9	285	19	11	11	32	132	20	22	16	71	1120	38	26	28	7	31	41	14	30	15	407	226	23	248	30	55	18	21	13	18	4	16	40	50	33	12	26	10	22	9	2009	20
18	3121	302	16024	6806	73701	2.3948e+05	13087	31	26	84391	623	57	38	16	136	7	9.5417e+05	20576	8905	5.7277e+05	3.6301e+05	4.7982e+05	83301	50	3.0143e+05	472	87978	11	13022	93	89736	6.9881e+05	695	35275	5.131e+05	4.1555e+05	5.0097e+05	2.5455e+05	27782	53531	54334	5.0809e+05	22263	5071	12	0	50403	14	9753	38628	31356	111	3945	1.4097e+05	13576	2.8079e+05	9809	1.1897e+05	2652	1.4739e+05	179	7.7997e+05	8.1328e+05	1.7726e+05	190	2378	22264	67109	8.5383e+05	651	9.0738e+05	16901	64	26	18266	4	693	626	438	430	1.958e+05	45	614	4559	9.0541e+05	44240	4.1692e+05	12	41165	421	1.7239e+05	2.6273e+05	13171	562	12100	965	3.0523e+05	7.2982e+05	119	5.2844e+05	162	30	5831	1267	3.5772e+05	9	3.587e+05	10	3890	1908	26044	692	6775	2529	12	42	76163	9.0869e+05	48	3427	102	36	2.2516e+05	4	244	9022	2222	1.0508e+05	2906	1.3119e+05	4698	8467	2203	8.1058e+05	961	440	55956	27477	9.7609e+05	3.0178e+05	137	9.7171e+05	4.682e+05	20436	851	9	15855	2362	1738	4.9008e+05	1810	4913	5.0831e+05	6206	62985	9	103	16067	109	2487	1491	5.359e+05	6.8186e+05	4.085e+05	5.5248e+05	67	6.4515e+05	98723	812	4682	72568	4.5898e+05	3.1234e+05	1.7162e+05	1347	37	7.7803e+05
